position:      25.8342 20.5008 25.1759
orientation:   -0.244379 0.35579 0.0330863 0.901442
field_of_view: 0.769493
