position:      25.6568 20.0826 24.6839
orientation:   -0.242322 0.367737 0.0315387 0.897248
field_of_view: 0.785398
