position:      24.5369 11.0735 21.4328
orientation:   -0.126648 0.434787 0.0344172 0.890919
field_of_view: 0.785398
